uint32_t SIN_LUT = {
1861,1865,1869,1873,1876,1880,1884,1888,1892,1896,1900,1904,1908,1912,1915,
1919,1923,1927,1931,1935,1939,1943,1947,1950,1954,1958,1962,1966,1970,1974,
1978,1982,1985,1989,1993,1997,2001,2005,2009,2013,2017,2020,2024,2028,2032,
2036,2040,2044,2048,2052,2055,2059,2063,2067,2071,2075,2079,2082,2086,2090,
2094,2098,2102,2106,2110,2113,2117,2121,2125,2129,2133,2137,2140,2144,2148,
2152,2156,2160,2164,2167,2171,2175,2179,2183,2187,2190,2194,2198,2202,2206,
2210,2213,2217,2221,2225,2229,2233,2236,2240,2244,2248,2252,2255,2259,2263,
2267,2271,2274,2278,2282,2286,2290,2293,2297,2301,2305,2309,2312,2316,2320,
2324,2327,2331,2335,2339,2343,2346,2350,2354,2358,2361,2365,2369,2373,2376,
2380,2384,2388,2391,2395,2399,2402,2406,2410,2414,2417,2421,2425,2428,2432,
2436,2440,2443,2447,2451,2454,2458,2462,2465,2469,2473,2477,2480,2484,2488,
2491,2495,2499,2502,2506,2510,2513,2517,2520,2524,2528,2531,2535,2539,2542,
2546,2550,2553,2557,2560,2564,2568,2571,2575,2578,2582,2586,2589,2593,2596,
2600,2603,2607,2611,2614,2618,2621,2625,2628,2632,2636,2639,2643,2646,2650,
2653,2657,2660,2664,2667,2671,2674,2678,2681,2685,2688,2692,2695,2699,2702,
2706,2709,2713,2716,2720,2723,2726,2730,2733,2737,2740,2744,2747,2751,2754,
2757,2761,2764,2768,2771,2774,2778,2781,2785,2788,2791,2795,2798,2801,2805,
2808,2811,2815,2818,2822,2825,2828,2832,2835,2838,2841,2845,2848,2851,2855,
2858,2861,2865,2868,2871,2874,2878,2881,2884,2887,2891,2894,2897,2900,2904,
2907,2910,2913,2916,2920,2923,2926,2929,2932,2936,2939,2942,2945,2948,2952,
2955,2958,2961,2964,2967,2970,2974,2977,2980,2983,2986,2989,2992,2995,2998,
3001,3005,3008,3011,3014,3017,3020,3023,3026,3029,3032,3035,3038,3041,3044,
3047,3050,3053,3056,3059,3062,3065,3068,3071,3074,3077,3080,3083,3086,3089,
3092,3094,3097,3100,3103,3106,3109,3112,3115,3118,3120,3123,3126,3129,3132,
3135,3138,3140,3143,3146,3149,3152,3154,3157,3160,3163,3166,3168,3171,3174,
3177,3179,3182,3185,3188,3190,3193,3196,3199,3201,3204,3207,3209,3212,3215,
3217,3220,3223,3225,3228,3231,3233,3236,3239,3241,3244,3246,3249,3252,3254,
3257,3259,3262,3264,3267,3270,3272,3275,3277,3280,3282,3285,3287,3290,3292,
3295,3297,3300,3302,3305,3307,3310,3312,3314,3317,3319,3322,3324,3326,3329,
3331,3334,3336,3338,3341,3343,3345,3348,3350,3353,3355,3357,3359,3362,3364,
3366,3369,3371,3373,3375,3378,3380,3382,3384,3387,3389,3391,3393,3396,3398,
3400,3402,3404,3407,3409,3411,3413,3415,3417,3419,3422,3424,3426,3428,3430,
3432,3434,3436,3438,3440,3442,3444,3447,3449,3451,3453,3455,3457,3459,3461,
3463,3465,3467,3469,3471,3472,3474,3476,3478,3480,3482,3484,3486,3488,3490,
3492,3493,3495,3497,3499,3501,3503,3505,3506,3508,3510,3512,3514,3515,3517,
3519,3521,3522,3524,3526,3528,3529,3531,3533,3535,3536,3538,3540,3541,3543,
3545,3546,3548,3550,3551,3553,3554,3556,3558,3559,3561,3562,3564,3566,3567,
3569,3570,3572,3573,3575,3576,3578,3579,3581,3582,3584,3585,3587,3588,3590,
3591,3593,3594,3595,3597,3598,3600,3601,3602,3604,3605,3606,3608,3609,3610,
3612,3613,3614,3616,3617,3618,3620,3621,3622,3623,3625,3626,3627,3628,3629,
3631,3632,3633,3634,3635,3637,3638,3639,3640,3641,3642,3643,3645,3646,3647,
3648,3649,3650,3651,3652,3653,3654,3655,3656,3657,3658,3659,3660,3661,3662,
3663,3664,3665,3666,3667,3668,3669,3670,3671,3672,3673,3673,3674,3675,3676,
3677,3678,3679,3679,3680,3681,3682,3683,3684,3684,3685,3686,3687,3687,3688,
3689,3690,3690,3691,3692,3692,3693,3694,3694,3695,3696,3696,3697,3698,3698,
3699,3699,3700,3701,3701,3702,3702,3703,3703,3704,3705,3705,3706,3706,3707,
3707,3708,3708,3709,3709,3709,3710,3710,3711,3711,3712,3712,3712,3713,3713,
3714,3714,3714,3715,3715,3715,3716,3716,3716,3716,3717,3717,3717,3718,3718,
3718,3718,3719,3719,3719,3719,3719,3720,3720,3720,3720,3720,3720,3721,3721,
3721,3721,3721,3721,3721,3721,3721,3722,3722,3722,3722,3722,3722,3722,3722,
3722,3722,3722,3722,3722,3722,3722,3722,3722,3721,3721,3721,3721,3721,3721,
3721,3721,3721,3720,3720,3720,3720,3720,3720,3719,3719,3719,3719,3719,3718,
3718,3718,3718,3717,3717,3717,3716,3716,3716,3716,3715,3715,3715,3714,3714,
3714,3713,3713,3712,3712,3712,3711,3711,3710,3710,3709,3709,3709,3708,3708,
3707,3707,3706,3706,3705,3705,3704,3703,3703,3702,3702,3701,3701,3700,3699,
3699,3698,3698,3697,3696,3696,3695,3694,3694,3693,3692,3692,3691,3690,3690,
3689,3688,3687,3687,3686,3685,3684,3684,3683,3682,3681,3680,3679,3679,3678,
3677,3676,3675,3674,3673,3673,3672,3671,3670,3669,3668,3667,3666,3665,3664,
3663,3662,3661,3660,3659,3658,3657,3656,3655,3654,3653,3652,3651,3650,3649,
3648,3647,3646,3645,3643,3642,3641,3640,3639,3638,3637,3635,3634,3633,3632,
3631,3629,3628,3627,3626,3625,3623,3622,3621,3620,3618,3617,3616,3614,3613,
3612,3610,3609,3608,3606,3605,3604,3602,3601,3600,3598,3597,3595,3594,3593,
3591,3590,3588,3587,3585,3584,3582,3581,3579,3578,3576,3575,3573,3572,3570,
3569,3567,3566,3564,3562,3561,3559,3558,3556,3554,3553,3551,3550,3548,3546,
3545,3543,3541,3540,3538,3536,3535,3533,3531,3529,3528,3526,3524,3522,3521,
3519,3517,3515,3514,3512,3510,3508,3506,3505,3503,3501,3499,3497,3495,3493,
3492,3490,3488,3486,3484,3482,3480,3478,3476,3474,3472,3471,3469,3467,3465,
3463,3461,3459,3457,3455,3453,3451,3449,3447,3444,3442,3440,3438,3436,3434,
3432,3430,3428,3426,3424,3422,3419,3417,3415,3413,3411,3409,3407,3404,3402,
3400,3398,3396,3393,3391,3389,3387,3384,3382,3380,3378,3375,3373,3371,3369,
3366,3364,3362,3359,3357,3355,3353,3350,3348,3345,3343,3341,3338,3336,3334,
3331,3329,3326,3324,3322,3319,3317,3314,3312,3310,3307,3305,3302,3300,3297,
3295,3292,3290,3287,3285,3282,3280,3277,3275,3272,3270,3267,3264,3262,3259,
3257,3254,3252,3249,3246,3244,3241,3239,3236,3233,3231,3228,3225,3223,3220,
3217,3215,3212,3209,3207,3204,3201,3199,3196,3193,3190,3188,3185,3182,3179,
3177,3174,3171,3168,3166,3163,3160,3157,3154,3152,3149,3146,3143,3140,3138,
3135,3132,3129,3126,3123,3120,3118,3115,3112,3109,3106,3103,3100,3097,3094,
3092,3089,3086,3083,3080,3077,3074,3071,3068,3065,3062,3059,3056,3053,3050,
3047,3044,3041,3038,3035,3032,3029,3026,3023,3020,3017,3014,3011,3008,3005,
3001,2998,2995,2992,2989,2986,2983,2980,2977,2974,2970,2967,2964,2961,2958,
2955,2952,2948,2945,2942,2939,2936,2932,2929,2926,2923,2920,2916,2913,2910,
2907,2904,2900,2897,2894,2891,2887,2884,2881,2878,2874,2871,2868,2865,2861,
2858,2855,2851,2848,2845,2841,2838,2835,2832,2828,2825,2822,2818,2815,2811,
2808,2805,2801,2798,2795,2791,2788,2785,2781,2778,2774,2771,2768,2764,2761,
2757,2754,2751,2747,2744,2740,2737,2733,2730,2726,2723,2720,2716,2713,2709,
2706,2702,2699,2695,2692,2688,2685,2681,2678,2674,2671,2667,2664,2660,2657,
2653,2650,2646,2643,2639,2636,2632,2628,2625,2621,2618,2614,2611,2607,2603,
2600,2596,2593,2589,2586,2582,2578,2575,2571,2568,2564,2560,2557,2553,2550,
2546,2542,2539,2535,2531,2528,2524,2520,2517,2513,2510,2506,2502,2499,2495,
2491,2488,2484,2480,2477,2473,2469,2465,2462,2458,2454,2451,2447,2443,2440,
2436,2432,2428,2425,2421,2417,2414,2410,2406,2402,2399,2395,2391,2388,2384,
2380,2376,2373,2369,2365,2361,2358,2354,2350,2346,2343,2339,2335,2331,2327,
2324,2320,2316,2312,2309,2305,2301,2297,2293,2290,2286,2282,2278,2274,2271,
2267,2263,2259,2255,2252,2248,2244,2240,2236,2233,2229,2225,2221,2217,2213,
2210,2206,2202,2198,2194,2190,2187,2183,2179,2175,2171,2167,2164,2160,2156,
2152,2148,2144,2140,2137,2133,2129,2125,2121,2117,2113,2110,2106,2102,2098,
2094,2090,2086,2082,2079,2075,2071,2067,2063,2059,2055,2052,2048,2044,2040,
2036,2032,2028,2024,2020,2017,2013,2009,2005,2001,1997,1993,1989,1985,1982,
1978,1974,1970,1966,1962,1958,1954,1950,1947,1943,1939,1935,1931,1927,1923,
1919,1915,1912,1908,1904,1900,1896,1892,1888,1884,1880,1876,1873,1869,1865,
1861,1857,1853,1849,1845,1841,1837,1834,1830,1826,1822,1818,1814,1810,1806,
1802,1799,1795,1791,1787,1783,1779,1775,1771,1767,1763,1760,1756,1752,1748,
1744,1740,1736,1732,1728,1725,1721,1717,1713,1709,1705,1701,1697,1693,1690,
1686,1682,1678,1674,1670,1666,1662,1659,1655,1651,1647,1643,1639,1635,1631,
1628,1624,1620,1616,1612,1608,1604,1601,1597,1593,1589,1585,1581,1577,1574,
1570,1566,1562,1558,1554,1551,1547,1543,1539,1535,1531,1527,1524,1520,1516,
1512,1508,1505,1501,1497,1493,1489,1485,1482,1478,1474,1470,1466,1463,1459,
1455,1451,1447,1444,1440,1436,1432,1428,1425,1421,1417,1413,1409,1406,1402,
1398,1394,1391,1387,1383,1379,1375,1372,1368,1364,1360,1357,1353,1349,1345,
1342,1338,1334,1330,1327,1323,1319,1316,1312,1308,1304,1301,1297,1293,1290,
1286,1282,1278,1275,1271,1267,1264,1260,1256,1253,1249,1245,1242,1238,1234,
1231,1227,1223,1220,1216,1212,1209,1205,1201,1198,1194,1190,1187,1183,1179,
1176,1172,1169,1165,1161,1158,1154,1151,1147,1143,1140,1136,1133,1129,1125,
1122,1118,1115,1111,1108,1104,1100,1097,1093,1090,1086,1083,1079,1076,1072,
1069,1065,1061,1058,1054,1051,1047,1044,1040,1037,1033,1030,1026,1023,1020,
1016,1013,1009,1006,1002,999,995,992,988,985,981,978,975,971,968,
964,961,958,954,951,947,944,941,937,934,930,927,924,920,917,
914,910,907,904,900,897,894,890,887,884,880,877,874,870,867,
864,860,857,854,851,847,844,841,838,834,831,828,825,821,818,
815,812,808,805,802,799,796,792,789,786,783,780,777,773,770,
767,764,761,758,754,751,748,745,742,739,736,733,730,726,723,
720,717,714,711,708,705,702,699,696,693,690,687,684,681,678,
675,672,669,666,663,660,657,654,651,648,645,642,639,636,633,
630,627,624,621,619,616,613,610,607,604,601,598,596,593,590,
587,584,581,578,576,573,570,567,564,562,559,556,553,551,548,
545,542,540,537,534,531,529,526,523,520,518,515,512,510,507,
504,502,499,496,494,491,488,486,483,481,478,475,473,470,468,
465,462,460,457,455,452,450,447,445,442,440,437,434,432,429,
427,425,422,420,417,415,412,410,407,405,402,400,398,395,393,
390,388,386,383,381,379,376,374,372,369,367,365,362,360,358,
355,353,351,349,346,344,342,339,337,335,333,331,328,326,324,
322,320,317,315,313,311,309,307,304,302,300,298,296,294,292,
290,288,285,283,281,279,277,275,273,271,269,267,265,263,261,
259,257,255,253,251,249,247,245,243,242,240,238,236,234,232,
230,228,226,225,223,221,219,217,215,214,212,210,208,206,205,
203,201,199,198,196,194,192,191,189,187,185,184,182,180,179,
177,175,174,172,170,169,167,166,164,162,161,159,158,156,155,
153,151,150,148,147,145,144,142,141,139,138,136,135,134,132,
131,129,128,126,125,124,122,121,119,118,117,115,114,113,111,
110,109,107,106,105,103,102,101,100,98,97,96,95,93,92,
91,90,89,87,86,85,84,83,82,81,79,78,77,76,75,
74,73,72,71,70,69,67,66,65,64,63,62,61,60,59,
58,57,56,56,55,54,53,52,51,50,49,48,47,46,46,
45,44,43,42,41,41,40,39,38,37,37,36,35,34,34,
33,32,31,31,30,29,29,28,27,27,26,25,25,24,23,
23,22,22,21,20,20,19,19,18,18,17,17,16,16,15,
15,14,14,13,13,12,12,11,11,11,10,10,9,9,9,
8,8,7,7,7,6,6,6,6,5,5,5,4,4,4,
4,3,3,3,3,3,2,2,2,2,2,1,1,1,1,
1,1,1,1,0,0,0,0,0,0,0,0,0,0,0,
0,0,0,0,0,0,0,0,0,0,0,0,1,1,1,
1,1,1,1,1,2,2,2,2,2,3,3,3,3,3,
4,4,4,4,5,5,5,6,6,6,6,7,7,7,8,
8,9,9,9,10,10,11,11,11,12,12,13,13,14,14,
15,15,16,16,17,17,18,18,19,19,20,20,21,22,22,
23,23,24,25,25,26,27,27,28,29,29,30,31,31,32,
33,34,34,35,36,37,37,38,39,40,41,41,42,43,44,
45,46,46,47,48,49,50,51,52,53,54,55,56,56,57,
58,59,60,61,62,63,64,65,66,67,69,70,71,72,73,
74,75,76,77,78,79,81,82,83,84,85,86,87,89,90,
91,92,93,95,96,97,98,100,101,102,103,105,106,107,109,
110,111,113,114,115,117,118,119,121,122,124,125,126,128,129,
131,132,134,135,136,138,139,141,142,144,145,147,148,150,151,
153,155,156,158,159,161,162,164,166,167,169,170,172,174,175,
177,179,180,182,184,185,187,189,191,192,194,196,198,199,201,
203,205,206,208,210,212,214,215,217,219,221,223,225,226,228,
230,232,234,236,238,240,242,243,245,247,249,251,253,255,257,
259,261,263,265,267,269,271,273,275,277,279,281,283,285,288,
290,292,294,296,298,300,302,304,307,309,311,313,315,317,320,
322,324,326,328,331,333,335,337,339,342,344,346,349,351,353,
355,358,360,362,365,367,369,372,374,376,379,381,383,386,388,
390,393,395,398,400,402,405,407,410,412,415,417,420,422,425,
427,429,432,434,437,440,442,445,447,450,452,455,457,460,462,
465,468,470,473,475,478,481,483,486,488,491,494,496,499,502,
504,507,510,512,515,518,520,523,526,529,531,534,537,540,542,
545,548,551,553,556,559,562,564,567,570,573,576,578,581,584,
587,590,593,596,598,601,604,607,610,613,616,619,621,624,627,
630,633,636,639,642,645,648,651,654,657,660,663,666,669,672,
675,678,681,684,687,690,693,696,699,702,705,708,711,714,717,
720,723,726,730,733,736,739,742,745,748,751,754,758,761,764,
767,770,773,777,780,783,786,789,792,796,799,802,805,808,812,
815,818,821,825,828,831,834,838,841,844,847,851,854,857,860,
864,867,870,874,877,880,884,887,890,894,897,900,904,907,910,
914,917,920,924,927,930,934,937,941,944,947,951,954,958,961,
964,968,971,975,978,981,985,988,992,995,999,1002,1006,1009,1013,
1016,1020,1023,1026,1030,1033,1037,1040,1044,1047,1051,1054,1058,1061,1065,
1069,1072,1076,1079,1083,1086,1090,1093,1097,1100,1104,1108,1111,1115,1118,
1122,1125,1129,1133,1136,1140,1143,1147,1151,1154,1158,1161,1165,1169,1172,
1176,1179,1183,1187,1190,1194,1198,1201,1205,1209,1212,1216,1220,1223,1227,
1231,1234,1238,1242,1245,1249,1253,1256,1260,1264,1267,1271,1275,1278,1282,
1286,1290,1293,1297,1301,1304,1308,1312,1316,1319,1323,1327,1330,1334,1338,
1342,1345,1349,1353,1357,1360,1364,1368,1372,1375,1379,1383,1387,1391,1394,
1398,1402,1406,1409,1413,1417,1421,1425,1428,1432,1436,1440,1444,1447,1451,
1455,1459,1463,1466,1470,1474,1478,1482,1485,1489,1493,1497,1501,1505,1508,
1512,1516,1520,1524,1527,1531,1535,1539,1543,1547,1551,1554,1558,1562,1566,
1570,1574,1577,1581,1585,1589,1593,1597,1601,1604,1608,1612,1616,1620,1624,
1628,1631,1635,1639,1643,1647,1651,1655,1659,1662,1666,1670,1674,1678,1682,
1686,1690,1693,1697,1701,1705,1709,1713,1717,1721,1725,1728,1732,1736,1740,
1744,1748,1752,1756,1760,1763,1767,1771,1775,1779,1783,1787,1791,1795,1799,
1802,1806,1810,1814,1818,1822,1826,1830,1834,1837,1841,1845,1849,1853,1857,
};
unit32_t TRI_LUT = {
1861,1863,1866,1868,1871,1873,1876,1878,1881,1883,1886,1888,1891,1893,1896,
1898,1901,1903,1906,1908,1910,1913,1915,1918,1920,1923,1925,1928,1930,1933,
1935,1938,1940,1943,1945,1948,1950,1953,1955,1958,1960,1963,1965,1968,1970,
1973,1975,1977,1980,1982,1985,1987,1990,1992,1995,1997,2000,2002,2005,2007,
2010,2012,2015,2017,2020,2022,2025,2027,2030,2032,2035,2037,2040,2042,2044,
2047,2049,2052,2054,2057,2059,2062,2064,2067,2069,2072,2074,2077,2079,2082,
2084,2087,2089,2092,2094,2097,2099,2102,2104,2107,2109,2111,2114,2116,2119,
2121,2124,2126,2129,2131,2134,2136,2139,2141,2144,2146,2149,2151,2154,2156,
2159,2161,2164,2166,2169,2171,2173,2176,2178,2181,2183,2186,2188,2191,2193,
2196,2198,2201,2203,2206,2208,2211,2213,2216,2218,2221,2223,2226,2228,2231,
2233,2236,2238,2240,2243,2245,2248,2250,2253,2255,2258,2260,2263,2265,2268,
2270,2273,2275,2278,2280,2283,2285,2288,2290,2293,2295,2298,2300,2303,2305,
2307,2310,2312,2315,2317,2320,2322,2325,2327,2330,2332,2335,2337,2340,2342,
2345,2347,2350,2352,2355,2357,2360,2362,2365,2367,2370,2372,2374,2377,2379,
2382,2384,2387,2389,2392,2394,2397,2399,2402,2404,2407,2409,2412,2414,2417,
2419,2422,2424,2427,2429,2432,2434,2437,2439,2441,2444,2446,2449,2451,2454,
2456,2459,2461,2464,2466,2469,2471,2474,2476,2479,2481,2484,2486,2489,2491,
2494,2496,2499,2501,2503,2506,2508,2511,2513,2516,2518,2521,2523,2526,2528,
2531,2533,2536,2538,2541,2543,2546,2548,2551,2553,2556,2558,2561,2563,2566,
2568,2570,2573,2575,2578,2580,2583,2585,2588,2590,2593,2595,2598,2600,2603,
2605,2608,2610,2613,2615,2618,2620,2623,2625,2628,2630,2633,2635,2637,2640,
2642,2645,2647,2650,2652,2655,2657,2660,2662,2665,2667,2670,2672,2675,2677,
2680,2682,2685,2687,2690,2692,2695,2697,2700,2702,2704,2707,2709,2712,2714,
2717,2719,2722,2724,2727,2729,2732,2734,2737,2739,2742,2744,2747,2749,2752,
2754,2757,2759,2762,2764,2767,2769,2771,2774,2776,2779,2781,2784,2786,2789,
2791,2794,2796,2799,2801,2804,2806,2809,2811,2814,2816,2819,2821,2824,2826,
2829,2831,2833,2836,2838,2841,2843,2846,2848,2851,2853,2856,2858,2861,2863,
2866,2868,2871,2873,2876,2878,2881,2883,2886,2888,2891,2893,2896,2898,2900,
2903,2905,2908,2910,2913,2915,2918,2920,2923,2925,2928,2930,2933,2935,2938,
2940,2943,2945,2948,2950,2953,2955,2958,2960,2963,2965,2967,2970,2972,2975,
2977,2980,2982,2985,2987,2990,2992,2995,2997,3000,3002,3005,3007,3010,3012,
3015,3017,3020,3022,3025,3027,3030,3032,3034,3037,3039,3042,3044,3047,3049,
3052,3054,3057,3059,3062,3064,3067,3069,3072,3074,3077,3079,3082,3084,3087,
3089,3092,3094,3097,3099,3101,3104,3106,3109,3111,3114,3116,3119,3121,3124,
3126,3129,3131,3134,3136,3139,3141,3144,3146,3149,3151,3154,3156,3159,3161,
3164,3166,3168,3171,3173,3176,3178,3181,3183,3186,3188,3191,3193,3196,3198,
3201,3203,3206,3208,3211,3213,3216,3218,3221,3223,3226,3228,3230,3233,3235,
3238,3240,3243,3245,3248,3250,3253,3255,3258,3260,3263,3265,3268,3270,3273,
3275,3278,3280,3283,3285,3288,3290,3293,3295,3297,3300,3302,3305,3307,3310,
3312,3315,3317,3320,3322,3325,3327,3330,3332,3335,3337,3340,3342,3345,3347,
3350,3352,3355,3357,3360,3362,3364,3367,3369,3372,3374,3377,3379,3382,3384,
3387,3389,3392,3394,3397,3399,3402,3404,3407,3409,3412,3414,3417,3419,3422,
3424,3427,3429,3431,3434,3436,3439,3441,3444,3446,3449,3451,3454,3456,3459,
3461,3464,3466,3469,3471,3474,3476,3479,3481,3484,3486,3489,3491,3494,3496,
3498,3501,3503,3506,3508,3511,3513,3516,3518,3521,3523,3526,3528,3531,3533,
3536,3538,3541,3543,3546,3548,3551,3553,3556,3558,3560,3563,3565,3568,3570,
3573,3575,3578,3580,3583,3585,3588,3590,3593,3595,3598,3600,3603,3605,3608,
3610,3613,3615,3618,3620,3623,3625,3627,3630,3632,3635,3637,3640,3642,3645,
3647,3650,3652,3655,3657,3660,3662,3665,3667,3670,3672,3675,3677,3680,3682,
3685,3687,3690,3692,3694,3697,3699,3702,3704,3707,3709,3712,3714,3717,3719,
3722,3719,3717,3714,3712,3709,3707,3704,3702,3699,3697,3694,3692,3690,3687,
3685,3682,3680,3677,3675,3672,3670,3667,3665,3662,3660,3657,3655,3652,3650,
3647,3645,3642,3640,3637,3635,3632,3630,3627,3625,3623,3620,3618,3615,3613,
3610,3608,3605,3603,3600,3598,3595,3593,3590,3588,3585,3583,3580,3578,3575,
3573,3570,3568,3565,3563,3560,3558,3556,3553,3551,3548,3546,3543,3541,3538,
3536,3533,3531,3528,3526,3523,3521,3518,3516,3513,3511,3508,3506,3503,3501,
3498,3496,3494,3491,3489,3486,3484,3481,3479,3476,3474,3471,3469,3466,3464,
3461,3459,3456,3454,3451,3449,3446,3444,3441,3439,3436,3434,3431,3429,3427,
3424,3422,3419,3417,3414,3412,3409,3407,3404,3402,3399,3397,3394,3392,3389,
3387,3384,3382,3379,3377,3374,3372,3369,3367,3364,3362,3360,3357,3355,3352,
3350,3347,3345,3342,3340,3337,3335,3332,3330,3327,3325,3322,3320,3317,3315,
3312,3310,3307,3305,3302,3300,3297,3295,3293,3290,3288,3285,3283,3280,3278,
3275,3273,3270,3268,3265,3263,3260,3258,3255,3253,3250,3248,3245,3243,3240,
3238,3235,3233,3230,3228,3226,3223,3221,3218,3216,3213,3211,3208,3206,3203,
3201,3198,3196,3193,3191,3188,3186,3183,3181,3178,3176,3173,3171,3168,3166,
3163,3161,3159,3156,3154,3151,3149,3146,3144,3141,3139,3136,3134,3131,3129,
3126,3124,3121,3119,3116,3114,3111,3109,3106,3104,3101,3099,3097,3094,3092,
3089,3087,3084,3082,3079,3077,3074,3072,3069,3067,3064,3062,3059,3057,3054,
3052,3049,3047,3044,3042,3039,3037,3034,3032,3030,3027,3025,3022,3020,3017,
3015,3012,3010,3007,3005,3002,3000,2997,2995,2992,2990,2987,2985,2982,2980,
2977,2975,2972,2970,2967,2965,2963,2960,2958,2955,2953,2950,2948,2945,2943,
2940,2938,2935,2933,2930,2928,2925,2923,2920,2918,2915,2913,2910,2908,2905,
2903,2900,2898,2896,2893,2891,2888,2886,2883,2881,2878,2876,2873,2871,2868,
2866,2863,2861,2858,2856,2853,2851,2848,2846,2843,2841,2838,2836,2833,2831,
2829,2826,2824,2821,2819,2816,2814,2811,2809,2806,2804,2801,2799,2796,2794,
2791,2789,2786,2784,2781,2779,2776,2774,2771,2769,2767,2764,2762,2759,2757,
2754,2752,2749,2747,2744,2742,2739,2737,2734,2732,2729,2727,2724,2722,2719,
2717,2714,2712,2709,2707,2704,2702,2700,2697,2695,2692,2690,2687,2685,2682,
2680,2677,2675,2672,2670,2667,2665,2662,2660,2657,2655,2652,2650,2647,2645,
2642,2640,2637,2635,2633,2630,2628,2625,2623,2620,2618,2615,2613,2610,2608,
2605,2603,2600,2598,2595,2593,2590,2588,2585,2583,2580,2578,2575,2573,2570,
2568,2566,2563,2561,2558,2556,2553,2551,2548,2546,2543,2541,2538,2536,2533,
2531,2528,2526,2523,2521,2518,2516,2513,2511,2508,2506,2503,2501,2499,2496,
2494,2491,2489,2486,2484,2481,2479,2476,2474,2471,2469,2466,2464,2461,2459,
2456,2454,2451,2449,2446,2444,2441,2439,2437,2434,2432,2429,2427,2424,2422,
2419,2417,2414,2412,2409,2407,2404,2402,2399,2397,2394,2392,2389,2387,2384,
2382,2379,2377,2374,2372,2370,2367,2365,2362,2360,2357,2355,2352,2350,2347,
2345,2342,2340,2337,2335,2332,2330,2327,2325,2322,2320,2317,2315,2312,2310,
2307,2305,2303,2300,2298,2295,2293,2290,2288,2285,2283,2280,2278,2275,2273,
2270,2268,2265,2263,2260,2258,2255,2253,2250,2248,2245,2243,2240,2238,2236,
2233,2231,2228,2226,2223,2221,2218,2216,2213,2211,2208,2206,2203,2201,2198,
2196,2193,2191,2188,2186,2183,2181,2178,2176,2173,2171,2169,2166,2164,2161,
2159,2156,2154,2151,2149,2146,2144,2141,2139,2136,2134,2131,2129,2126,2124,
2121,2119,2116,2114,2111,2109,2107,2104,2102,2099,2097,2094,2092,2089,2087,
2084,2082,2079,2077,2074,2072,2069,2067,2064,2062,2059,2057,2054,2052,2049,
2047,2044,2042,2040,2037,2035,2032,2030,2027,2025,2022,2020,2017,2015,2012,
2010,2007,2005,2002,2000,1997,1995,1992,1990,1987,1985,1982,1980,1977,1975,
1973,1970,1968,1965,1963,1960,1958,1955,1953,1950,1948,1945,1943,1940,1938,
1935,1933,1930,1928,1925,1923,1920,1918,1915,1913,1910,1908,1906,1903,1901,
1898,1896,1893,1891,1888,1886,1883,1881,1878,1876,1873,1871,1868,1866,1863,
1861,1858,1856,1853,1851,1848,1846,1843,1841,1839,1836,1834,1831,1829,1826,
1824,1821,1819,1816,1814,1811,1809,1806,1804,1801,1799,1796,1794,1791,1789,
1786,1784,1781,1779,1777,1774,1772,1769,1767,1764,1762,1759,1757,1754,1752,
1749,1747,1744,1742,1739,1737,1734,1732,1729,1727,1724,1722,1719,1717,1714,
1712,1710,1707,1705,1702,1700,1697,1695,1692,1690,1687,1685,1682,1680,1677,
1675,1672,1670,1667,1665,1662,1660,1657,1655,1652,1650,1647,1645,1643,1640,
1638,1635,1633,1630,1628,1625,1623,1620,1618,1615,1613,1610,1608,1605,1603,
1600,1598,1595,1593,1590,1588,1585,1583,1580,1578,1576,1573,1571,1568,1566,
1563,1561,1558,1556,1553,1551,1548,1546,1543,1541,1538,1536,1533,1531,1528,
1526,1523,1521,1518,1516,1513,1511,1509,1506,1504,1501,1499,1496,1494,1491,
1489,1486,1484,1481,1479,1476,1474,1471,1469,1466,1464,1461,1459,1456,1454,
1451,1449,1447,1444,1442,1439,1437,1434,1432,1429,1427,1424,1422,1419,1417,
1414,1412,1409,1407,1404,1402,1399,1397,1394,1392,1389,1387,1384,1382,1380,
1377,1375,1372,1370,1367,1365,1362,1360,1357,1355,1352,1350,1347,1345,1342,
1340,1337,1335,1332,1330,1327,1325,1322,1320,1317,1315,1313,1310,1308,1305,
1303,1300,1298,1295,1293,1290,1288,1285,1283,1280,1278,1275,1273,1270,1268,
1265,1263,1260,1258,1255,1253,1250,1248,1246,1243,1241,1238,1236,1233,1231,
1228,1226,1223,1221,1218,1216,1213,1211,1208,1206,1203,1201,1198,1196,1193,
1191,1188,1186,1183,1181,1179,1176,1174,1171,1169,1166,1164,1161,1159,1156,
1154,1151,1149,1146,1144,1141,1139,1136,1134,1131,1129,1126,1124,1121,1119,
1116,1114,1112,1109,1107,1104,1102,1099,1097,1094,1092,1089,1087,1084,1082,
1079,1077,1074,1072,1069,1067,1064,1062,1059,1057,1054,1052,1050,1047,1045,
1042,1040,1037,1035,1032,1030,1027,1025,1022,1020,1017,1015,1012,1010,1007,
1005,1002,1000,997,995,992,990,987,985,983,980,978,975,973,970,
968,965,963,960,958,955,953,950,948,945,943,940,938,935,933,
930,928,925,923,920,918,916,913,911,908,906,903,901,898,896,
893,891,888,886,883,881,878,876,873,871,868,866,863,861,858,
856,853,851,849,846,844,841,839,836,834,831,829,826,824,821,
819,816,814,811,809,806,804,801,799,796,794,791,789,786,784,
782,779,777,774,772,769,767,764,762,759,757,754,752,749,747,
744,742,739,737,734,732,729,727,724,722,720,717,715,712,710,
707,705,702,700,697,695,692,690,687,685,682,680,677,675,672,
670,667,665,662,660,657,655,653,650,648,645,643,640,638,635,
633,630,628,625,623,620,618,615,613,610,608,605,603,600,598,
595,593,590,588,586,583,581,578,576,573,571,568,566,563,561,
558,556,553,551,548,546,543,541,538,536,533,531,528,526,523,
521,519,516,514,511,509,506,504,501,499,496,494,491,489,486,
484,481,479,476,474,471,469,466,464,461,459,456,454,452,449,
447,444,442,439,437,434,432,429,427,424,422,419,417,414,412,
409,407,404,402,399,397,394,392,390,387,385,382,380,377,375,
372,370,367,365,362,360,357,355,352,350,347,345,342,340,337,
335,332,330,327,325,323,320,318,315,313,310,308,305,303,300,
298,295,293,290,288,285,283,280,278,275,273,270,268,265,263,
260,258,256,253,251,248,246,243,241,238,236,233,231,228,226,
223,221,218,216,213,211,208,206,203,201,198,196,193,191,189,
186,184,181,179,176,174,171,169,166,164,161,159,156,154,151,
149,146,144,141,139,136,134,131,129,126,124,122,119,117,114,
112,109,107,104,102,99,97,94,92,89,87,84,82,79,77,
74,72,69,67,64,62,60,57,55,52,50,47,45,42,40,
37,35,32,30,27,25,22,20,17,15,12,10,7,5,2,
0,2,5,7,10,12,15,17,20,22,25,27,30,32,35,
37,40,42,45,47,50,52,55,57,60,62,64,67,69,72,
74,77,79,82,84,87,89,92,94,97,99,102,104,107,109,
112,114,117,119,122,124,126,129,131,134,136,139,141,144,146,
149,151,154,156,159,161,164,166,169,171,174,176,179,181,184,
186,189,191,193,196,198,201,203,206,208,211,213,216,218,221,
223,226,228,231,233,236,238,241,243,246,248,251,253,256,258,
260,263,265,268,270,273,275,278,280,283,285,288,290,293,295,
298,300,303,305,308,310,313,315,318,320,323,325,327,330,332,
335,337,340,342,345,347,350,352,355,357,360,362,365,367,370,
372,375,377,380,382,385,387,390,392,394,397,399,402,404,407,
409,412,414,417,419,422,424,427,429,432,434,437,439,442,444,
447,449,452,454,456,459,461,464,466,469,471,474,476,479,481,
484,486,489,491,494,496,499,501,504,506,509,511,514,516,519,
521,523,526,528,531,533,536,538,541,543,546,548,551,553,556,
558,561,563,566,568,571,573,576,578,581,583,586,588,590,593,
595,598,600,603,605,608,610,613,615,618,620,623,625,628,630,
633,635,638,640,643,645,648,650,653,655,657,660,662,665,667,
670,672,675,677,680,682,685,687,690,692,695,697,700,702,705,
707,710,712,715,717,720,722,724,727,729,732,734,737,739,742,
744,747,749,752,754,757,759,762,764,767,769,772,774,777,779,
782,784,786,789,791,794,796,799,801,804,806,809,811,814,816,
819,821,824,826,829,831,834,836,839,841,844,846,849,851,853,
856,858,861,863,866,868,871,873,876,878,881,883,886,888,891,
893,896,898,901,903,906,908,911,913,916,918,920,923,925,928,
930,933,935,938,940,943,945,948,950,953,955,958,960,963,965,
968,970,973,975,978,980,983,985,987,990,992,995,997,1000,1002,
1005,1007,1010,1012,1015,1017,1020,1022,1025,1027,1030,1032,1035,1037,1040,
1042,1045,1047,1050,1052,1054,1057,1059,1062,1064,1067,1069,1072,1074,1077,
1079,1082,1084,1087,1089,1092,1094,1097,1099,1102,1104,1107,1109,1112,1114,
1117,1119,1121,1124,1126,1129,1131,1134,1136,1139,1141,1144,1146,1149,1151,
1154,1156,1159,1161,1164,1166,1169,1171,1174,1176,1179,1181,1183,1186,1188,
1191,1193,1196,1198,1201,1203,1206,1208,1211,1213,1216,1218,1221,1223,1226,
1228,1231,1233,1236,1238,1241,1243,1246,1248,1250,1253,1255,1258,1260,1263,
1265,1268,1270,1273,1275,1278,1280,1283,1285,1288,1290,1293,1295,1298,1300,
1303,1305,1308,1310,1313,1315,1317,1320,1322,1325,1327,1330,1332,1335,1337,
1340,1342,1345,1347,1350,1352,1355,1357,1360,1362,1365,1367,1370,1372,1375,
1377,1380,1382,1384,1387,1389,1392,1394,1397,1399,1402,1404,1407,1409,1412,
1414,1417,1419,1422,1424,1427,1429,1432,1434,1437,1439,1442,1444,1447,1449,
1451,1454,1456,1459,1461,1464,1466,1469,1471,1474,1476,1479,1481,1484,1486,
1489,1491,1494,1496,1499,1501,1504,1506,1509,1511,1513,1516,1518,1521,1523,
1526,1528,1531,1533,1536,1538,1541,1543,1546,1548,1551,1553,1556,1558,1561,
1563,1566,1568,1571,1573,1576,1578,1580,1583,1585,1588,1590,1593,1595,1598,
1600,1603,1605,1608,1610,1613,1615,1618,1620,1623,1625,1628,1630,1633,1635,
1638,1640,1643,1645,1647,1650,1652,1655,1657,1660,1662,1665,1667,1670,1672,
1675,1677,1680,1682,1685,1687,1690,1692,1695,1697,1700,1702,1705,1707,1710,
1712,1714,1717,1719,1722,1724,1727,1729,1732,1734,1737,1739,1742,1744,1747,
1749,1752,1754,1757,1759,1762,1764,1767,1769,1772,1774,1777,1779,1781,1784,
1786,1789,1791,1794,1796,1799,1801,1804,1806,1809,1811,1814,1816,1819,1821,
1824,1826,1829,1831,1834,1836,1839,1841,1843,1846,1848,1851,1853,1856,1858,
};
uint32_t SAW_LUT = {
0,1,2,3,4,6,7,8,9,11,12,13,14,16,17,
18,19,21,22,23,24,26,27,28,29,31,32,33,34,35,
37,38,39,40,42,43,44,45,47,48,49,50,52,53,54,
55,57,58,59,60,62,63,64,65,67,68,69,70,71,73,
74,75,76,78,79,80,81,83,84,85,86,88,89,90,91,
93,94,95,96,98,99,100,101,103,104,105,106,107,109,110,
111,112,114,115,116,117,119,120,121,122,124,125,126,127,129,
130,131,132,134,135,136,137,139,140,141,142,143,145,146,147,
148,150,151,152,153,155,156,157,158,160,161,162,163,165,166,
167,168,170,171,172,173,175,176,177,178,179,181,182,183,184,
186,187,188,189,191,192,193,194,196,197,198,199,201,202,203,
204,206,207,208,209,211,212,213,214,215,217,218,219,220,222,
223,224,225,227,228,229,230,232,233,234,235,237,238,239,240,
242,243,244,245,247,248,249,250,251,253,254,255,256,258,259,
260,261,263,264,265,266,268,269,270,271,273,274,275,276,278,
279,280,281,282,284,285,286,287,289,290,291,292,294,295,296,
297,299,300,301,302,304,305,306,307,309,310,311,312,314,315,
316,317,318,320,321,322,323,325,326,327,328,330,331,332,333,
335,336,337,338,340,341,342,343,345,346,347,348,350,351,352,
353,354,356,357,358,359,361,362,363,364,366,367,368,369,371,
372,373,374,376,377,378,379,381,382,383,384,386,387,388,389,
390,392,393,394,395,397,398,399,400,402,403,404,405,407,408,
409,410,412,413,414,415,417,418,419,420,422,423,424,425,426,
428,429,430,431,433,434,435,436,438,439,440,441,443,444,445,
446,448,449,450,451,453,454,455,456,458,459,460,461,462,464,
465,466,467,469,470,471,472,474,475,476,477,479,480,481,482,
484,485,486,487,489,490,491,492,494,495,496,497,498,500,501,
502,503,505,506,507,508,510,511,512,513,515,516,517,518,520,
521,522,523,525,526,527,528,529,531,532,533,534,536,537,538,
539,541,542,543,544,546,547,548,549,551,552,553,554,556,557,
558,559,561,562,563,564,565,567,568,569,570,572,573,574,575,
577,578,579,580,582,583,584,585,587,588,589,590,592,593,594,
595,597,598,599,600,601,603,604,605,606,608,609,610,611,613,
614,615,616,618,619,620,621,623,624,625,626,628,629,630,631,
633,634,635,636,637,639,640,641,642,644,645,646,647,649,650,
651,652,654,655,656,657,659,660,661,662,664,665,666,667,669,
670,671,672,673,675,676,677,678,680,681,682,683,685,686,687,
688,690,691,692,693,695,696,697,698,700,701,702,703,705,706,
707,708,709,711,712,713,714,716,717,718,719,721,722,723,724,
726,727,728,729,731,732,733,734,736,737,738,739,741,742,743,
744,745,747,748,749,750,752,753,754,755,757,758,759,760,762,
763,764,765,767,768,769,770,772,773,774,775,776,778,779,780,
781,783,784,785,786,788,789,790,791,793,794,795,796,798,799,
800,801,803,804,805,806,808,809,810,811,812,814,815,816,817,
819,820,821,822,824,825,826,827,829,830,831,832,834,835,836,
837,839,840,841,842,844,845,846,847,848,850,851,852,853,855,
856,857,858,860,861,862,863,865,866,867,868,870,871,872,873,
875,876,877,878,880,881,882,883,884,886,887,888,889,891,892,
893,894,896,897,898,899,901,902,903,904,906,907,908,909,911,
912,913,914,916,917,918,919,920,922,923,924,925,927,928,929,
930,932,933,934,935,937,938,939,940,942,943,944,945,947,948,
949,950,952,953,954,955,956,958,959,960,961,963,964,965,966,
968,969,970,971,973,974,975,976,978,979,980,981,983,984,985,
986,988,989,990,991,992,994,995,996,997,999,1000,1001,1002,1004,
1005,1006,1007,1009,1010,1011,1012,1014,1015,1016,1017,1019,1020,1021,1022,
1024,1025,1026,1027,1028,1030,1031,1032,1033,1035,1036,1037,1038,1040,1041,
1042,1043,1045,1046,1047,1048,1050,1051,1052,1053,1055,1056,1057,1058,1059,
1061,1062,1063,1064,1066,1067,1068,1069,1071,1072,1073,1074,1076,1077,1078,
1079,1081,1082,1083,1084,1086,1087,1088,1089,1091,1092,1093,1094,1095,1097,
1098,1099,1100,1102,1103,1104,1105,1107,1108,1109,1110,1112,1113,1114,1115,
1117,1118,1119,1120,1122,1123,1124,1125,1127,1128,1129,1130,1131,1133,1134,
1135,1136,1138,1139,1140,1141,1143,1144,1145,1146,1148,1149,1150,1151,1153,
1154,1155,1156,1158,1159,1160,1161,1163,1164,1165,1166,1167,1169,1170,1171,
1172,1174,1175,1176,1177,1179,1180,1181,1182,1184,1185,1186,1187,1189,1190,
1191,1192,1194,1195,1196,1197,1199,1200,1201,1202,1203,1205,1206,1207,1208,
1210,1211,1212,1213,1215,1216,1217,1218,1220,1221,1222,1223,1225,1226,1227,
1228,1230,1231,1232,1233,1235,1236,1237,1238,1239,1241,1242,1243,1244,1246,
1247,1248,1249,1251,1252,1253,1254,1256,1257,1258,1259,1261,1262,1263,1264,
1266,1267,1268,1269,1271,1272,1273,1274,1275,1277,1278,1279,1280,1282,1283,
1284,1285,1287,1288,1289,1290,1292,1293,1294,1295,1297,1298,1299,1300,1302,
1303,1304,1305,1306,1308,1309,1310,1311,1313,1314,1315,1316,1318,1319,1320,
1321,1323,1324,1325,1326,1328,1329,1330,1331,1333,1334,1335,1336,1338,1339,
1340,1341,1342,1344,1345,1346,1347,1349,1350,1351,1352,1354,1355,1356,1357,
1359,1360,1361,1362,1364,1365,1366,1367,1369,1370,1371,1372,1374,1375,1376,
1377,1378,1380,1381,1382,1383,1385,1386,1387,1388,1390,1391,1392,1393,1395,
1396,1397,1398,1400,1401,1402,1403,1405,1406,1407,1408,1410,1411,1412,1413,
1414,1416,1417,1418,1419,1421,1422,1423,1424,1426,1427,1428,1429,1431,1432,
1433,1434,1436,1437,1438,1439,1441,1442,1443,1444,1446,1447,1448,1449,1450,
1452,1453,1454,1455,1457,1458,1459,1460,1462,1463,1464,1465,1467,1468,1469,
1470,1472,1473,1474,1475,1477,1478,1479,1480,1482,1483,1484,1485,1486,1488,
1489,1490,1491,1493,1494,1495,1496,1498,1499,1500,1501,1503,1504,1505,1506,
1508,1509,1510,1511,1513,1514,1515,1516,1518,1519,1520,1521,1522,1524,1525,
1526,1527,1529,1530,1531,1532,1534,1535,1536,1537,1539,1540,1541,1542,1544,
1545,1546,1547,1549,1550,1551,1552,1553,1555,1556,1557,1558,1560,1561,1562,
1563,1565,1566,1567,1568,1570,1571,1572,1573,1575,1576,1577,1578,1580,1581,
1582,1583,1585,1586,1587,1588,1589,1591,1592,1593,1594,1596,1597,1598,1599,
1601,1602,1603,1604,1606,1607,1608,1609,1611,1612,1613,1614,1616,1617,1618,
1619,1621,1622,1623,1624,1625,1627,1628,1629,1630,1632,1633,1634,1635,1637,
1638,1639,1640,1642,1643,1644,1645,1647,1648,1649,1650,1652,1653,1654,1655,
1657,1658,1659,1660,1661,1663,1664,1665,1666,1668,1669,1670,1671,1673,1674,
1675,1676,1678,1679,1680,1681,1683,1684,1685,1686,1688,1689,1690,1691,1693,
1694,1695,1696,1697,1699,1700,1701,1702,1704,1705,1706,1707,1709,1710,1711,
1712,1714,1715,1716,1717,1719,1720,1721,1722,1724,1725,1726,1727,1729,1730,
1731,1732,1733,1735,1736,1737,1738,1740,1741,1742,1743,1745,1746,1747,1748,
1750,1751,1752,1753,1755,1756,1757,1758,1760,1761,1762,1763,1765,1766,1767,
1768,1769,1771,1772,1773,1774,1776,1777,1778,1779,1781,1782,1783,1784,1786,
1787,1788,1789,1791,1792,1793,1794,1796,1797,1798,1799,1800,1802,1803,1804,
1805,1807,1808,1809,1810,1812,1813,1814,1815,1817,1818,1819,1820,1822,1823,
1824,1825,1827,1828,1829,1830,1832,1833,1834,1835,1836,1838,1839,1840,1841,
1843,1844,1845,1846,1848,1849,1850,1851,1853,1854,1855,1856,1858,1859,1860,
1861,1863,1864,1865,1866,1868,1869,1870,1871,1872,1874,1875,1876,1877,1879,
1880,1881,1882,1884,1885,1886,1887,1889,1890,1891,1892,1894,1895,1896,1897,
1899,1900,1901,1902,1904,1905,1906,1907,1908,1910,1911,1912,1913,1915,1916,
1917,1918,1920,1921,1922,1923,1925,1926,1927,1928,1930,1931,1932,1933,1935,
1936,1937,1938,1940,1941,1942,1943,1944,1946,1947,1948,1949,1951,1952,1953,
1954,1956,1957,1958,1959,1961,1962,1963,1964,1966,1967,1968,1969,1971,1972,
1973,1974,1976,1977,1978,1979,1980,1982,1983,1984,1985,1987,1988,1989,1990,
1992,1993,1994,1995,1997,1998,1999,2000,2002,2003,2004,2005,2007,2008,2009,
2010,2012,2013,2014,2015,2016,2018,2019,2020,2021,2023,2024,2025,2026,2028,
2029,2030,2031,2033,2034,2035,2036,2038,2039,2040,2041,2043,2044,2045,2046,
2048,2049,2050,2051,2052,2054,2055,2056,2057,2059,2060,2061,2062,2064,2065,
2066,2067,2069,2070,2071,2072,2074,2075,2076,2077,2079,2080,2081,2082,2083,
2085,2086,2087,2088,2090,2091,2092,2093,2095,2096,2097,2098,2100,2101,2102,
2103,2105,2106,2107,2108,2110,2111,2112,2113,2115,2116,2117,2118,2119,2121,
2122,2123,2124,2126,2127,2128,2129,2131,2132,2133,2134,2136,2137,2138,2139,
2141,2142,2143,2144,2146,2147,2148,2149,2151,2152,2153,2154,2155,2157,2158,
2159,2160,2162,2163,2164,2165,2167,2168,2169,2170,2172,2173,2174,2175,2177,
2178,2179,2180,2182,2183,2184,2185,2187,2188,2189,2190,2191,2193,2194,2195,
2196,2198,2199,2200,2201,2203,2204,2205,2206,2208,2209,2210,2211,2213,2214,
2215,2216,2218,2219,2220,2221,2223,2224,2225,2226,2227,2229,2230,2231,2232,
2234,2235,2236,2237,2239,2240,2241,2242,2244,2245,2246,2247,2249,2250,2251,
2252,2254,2255,2256,2257,2259,2260,2261,2262,2263,2265,2266,2267,2268,2270,
2271,2272,2273,2275,2276,2277,2278,2280,2281,2282,2283,2285,2286,2287,2288,
2290,2291,2292,2293,2295,2296,2297,2298,2299,2301,2302,2303,2304,2306,2307,
2308,2309,2311,2312,2313,2314,2316,2317,2318,2319,2321,2322,2323,2324,2326,
2327,2328,2329,2330,2332,2333,2334,2335,2337,2338,2339,2340,2342,2343,2344,
2345,2347,2348,2349,2350,2352,2353,2354,2355,2357,2358,2359,2360,2362,2363,
2364,2365,2366,2368,2369,2370,2371,2373,2374,2375,2376,2378,2379,2380,2381,
2383,2384,2385,2386,2388,2389,2390,2391,2393,2394,2395,2396,2398,2399,2400,
2401,2402,2404,2405,2406,2407,2409,2410,2411,2412,2414,2415,2416,2417,2419,
2420,2421,2422,2424,2425,2426,2427,2429,2430,2431,2432,2434,2435,2436,2437,
2438,2440,2441,2442,2443,2445,2446,2447,2448,2450,2451,2452,2453,2455,2456,
2457,2458,2460,2461,2462,2463,2465,2466,2467,2468,2470,2471,2472,2473,2474,
2476,2477,2478,2479,2481,2482,2483,2484,2486,2487,2488,2489,2491,2492,2493,
2494,2496,2497,2498,2499,2501,2502,2503,2504,2506,2507,2508,2509,2510,2512,
2513,2514,2515,2517,2518,2519,2520,2522,2523,2524,2525,2527,2528,2529,2530,
2532,2533,2534,2535,2537,2538,2539,2540,2542,2543,2544,2545,2546,2548,2549,
2550,2551,2553,2554,2555,2556,2558,2559,2560,2561,2563,2564,2565,2566,2568,
2569,2570,2571,2573,2574,2575,2576,2577,2579,2580,2581,2582,2584,2585,2586,
2587,2589,2590,2591,2592,2594,2595,2596,2597,2599,2600,2601,2602,2604,2605,
2606,2607,2609,2610,2611,2612,2613,2615,2616,2617,2618,2620,2621,2622,2623,
2625,2626,2627,2628,2630,2631,2632,2633,2635,2636,2637,2638,2640,2641,2642,
2643,2645,2646,2647,2648,2649,2651,2652,2653,2654,2656,2657,2658,2659,2661,
2662,2663,2664,2666,2667,2668,2669,2671,2672,2673,2674,2676,2677,2678,2679,
2681,2682,2683,2684,2685,2687,2688,2689,2690,2692,2693,2694,2695,2697,2698,
2699,2700,2702,2703,2704,2705,2707,2708,2709,2710,2712,2713,2714,2715,2717,
2718,2719,2720,2721,2723,2724,2725,2726,2728,2729,2730,2731,2733,2734,2735,
2736,2738,2739,2740,2741,2743,2744,2745,2746,2748,2749,2750,2751,2753,2754,
2755,2756,2757,2759,2760,2761,2762,2764,2765,2766,2767,2769,2770,2771,2772,
2774,2775,2776,2777,2779,2780,2781,2782,2784,2785,2786,2787,2789,2790,2791,
2792,2793,2795,2796,2797,2798,2800,2801,2802,2803,2805,2806,2807,2808,2810,
2811,2812,2813,2815,2816,2817,2818,2820,2821,2822,2823,2824,2826,2827,2828,
2829,2831,2832,2833,2834,2836,2837,2838,2839,2841,2842,2843,2844,2846,2847,
2848,2849,2851,2852,2853,2854,2856,2857,2858,2859,2860,2862,2863,2864,2865,
2867,2868,2869,2870,2872,2873,2874,2875,2877,2878,2879,2880,2882,2883,2884,
2885,2887,2888,2889,2890,2892,2893,2894,2895,2896,2898,2899,2900,2901,2903,
2904,2905,2906,2908,2909,2910,2911,2913,2914,2915,2916,2918,2919,2920,2921,
2923,2924,2925,2926,2928,2929,2930,2931,2932,2934,2935,2936,2937,2939,2940,
2941,2942,2944,2945,2946,2947,2949,2950,2951,2952,2954,2955,2956,2957,2959,
2960,2961,2962,2964,2965,2966,2967,2968,2970,2971,2972,2973,2975,2976,2977,
2978,2980,2981,2982,2983,2985,2986,2987,2988,2990,2991,2992,2993,2995,2996,
2997,2998,3000,3001,3002,3003,3004,3006,3007,3008,3009,3011,3012,3013,3014,
3016,3017,3018,3019,3021,3022,3023,3024,3026,3027,3028,3029,3031,3032,3033,
3034,3036,3037,3038,3039,3040,3042,3043,3044,3045,3047,3048,3049,3050,3052,
3053,3054,3055,3057,3058,3059,3060,3062,3063,3064,3065,3067,3068,3069,3070,
3072,3073,3074,3075,3076,3078,3079,3080,3081,3083,3084,3085,3086,3088,3089,
3090,3091,3093,3094,3095,3096,3098,3099,3100,3101,3103,3104,3105,3106,3107,
3109,3110,3111,3112,3114,3115,3116,3117,3119,3120,3121,3122,3124,3125,3126,
3127,3129,3130,3131,3132,3134,3135,3136,3137,3139,3140,3141,3142,3143,3145,
3146,3147,3148,3150,3151,3152,3153,3155,3156,3157,3158,3160,3161,3162,3163,
3165,3166,3167,3168,3170,3171,3172,3173,3175,3176,3177,3178,3179,3181,3182,
3183,3184,3186,3187,3188,3189,3191,3192,3193,3194,3196,3197,3198,3199,3201,
3202,3203,3204,3206,3207,3208,3209,3211,3212,3213,3214,3215,3217,3218,3219,
3220,3222,3223,3224,3225,3227,3228,3229,3230,3232,3233,3234,3235,3237,3238,
3239,3240,3242,3243,3244,3245,3247,3248,3249,3250,3251,3253,3254,3255,3256,
3258,3259,3260,3261,3263,3264,3265,3266,3268,3269,3270,3271,3273,3274,3275,
3276,3278,3279,3280,3281,3283,3284,3285,3286,3287,3289,3290,3291,3292,3294,
3295,3296,3297,3299,3300,3301,3302,3304,3305,3306,3307,3309,3310,3311,3312,
3314,3315,3316,3317,3319,3320,3321,3322,3323,3325,3326,3327,3328,3330,3331,
3332,3333,3335,3336,3337,3338,3340,3341,3342,3343,3345,3346,3347,3348,3350,
3351,3352,3353,3354,3356,3357,3358,3359,3361,3362,3363,3364,3366,3367,3368,
3369,3371,3372,3373,3374,3376,3377,3378,3379,3381,3382,3383,3384,3386,3387,
3388,3389,3390,3392,3393,3394,3395,3397,3398,3399,3400,3402,3403,3404,3405,
3407,3408,3409,3410,3412,3413,3414,3415,3417,3418,3419,3420,3422,3423,3424,
3425,3426,3428,3429,3430,3431,3433,3434,3435,3436,3438,3439,3440,3441,3443,
3444,3445,3446,3448,3449,3450,3451,3453,3454,3455,3456,3458,3459,3460,3461,
3462,3464,3465,3466,3467,3469,3470,3471,3472,3474,3475,3476,3477,3479,3480,
3481,3482,3484,3485,3486,3487,3489,3490,3491,3492,3494,3495,3496,3497,3498,
3500,3501,3502,3503,3505,3506,3507,3508,3510,3511,3512,3513,3515,3516,3517,
3518,3520,3521,3522,3523,3525,3526,3527,3528,3530,3531,3532,3533,3534,3536,
3537,3538,3539,3541,3542,3543,3544,3546,3547,3548,3549,3551,3552,3553,3554,
3556,3557,3558,3559,3561,3562,3563,3564,3566,3567,3568,3569,3570,3572,3573,
3574,3575,3577,3578,3579,3580,3582,3583,3584,3585,3587,3588,3589,3590,3592,
3593,3594,3595,3597,3598,3599,3600,3601,3603,3604,3605,3606,3608,3609,3610,
3611,3613,3614,3615,3616,3618,3619,3620,3621,3623,3624,3625,3626,3628,3629,
3630,3631,3633,3634,3635,3636,3637,3639,3640,3641,3642,3644,3645,3646,3647,
3649,3650,3651,3652,3654,3655,3656,3657,3659,3660,3661,3662,3664,3665,3666,
3667,3669,3670,3671,3672,3673,3675,3676,3677,3678,3680,3681,3682,3683,3685,
3686,3687,3688,3690,3691,3692,3693,3695,3696,3697,3698,3700,3701,3702,3703,
3705,3706,3707,3708,3709,3711,3712,3713,3714,3716,3717,3718,3719,3721,3722,
};
